Object: tyra
-5.479316,2.998605,3.223754
1.635522,-0.498544,-0.580358

Object: backpack
-1.634045,0.000000,2.552773
1.570796,-0.000000,0.000000

Object: backpack
0.900075,0.000000,2.552773
1.570796,-0.000000,-1.637449

Object: backpack
5.034814,0.000000,2.552773
1.499150,0.944779,-0.036197

Object: backpack
-1.634045,0.000000,-1.866884
1.570796,-0.000000,-0.541421

Object: backpack
2.045544,0.000000,-1.866884
1.570796,-0.000000,-1.201172

Object: backpack
6.036630,0.000000,-1.866884
1.570796,-0.000000,-1.644271

Object: teapot
-5.928440,0.000000,0.000000
1.570796,-0.754266,-1.575027

